name: CS555
channels:
  - anaconda
  - conda-forge
  - defaults
dependencies:
  - ca-certificates=2021.5.30=h5b45459_0
  - colorama=0.4.4=pyh9f0ad1d_0
  - loguru=0.5.3=py38haa244fe_2
  - openssl=3.0.0=h8ffe710_1
  - pip=21.2.4=pyhd8ed1ab_0
  - pymongo=3.11.0=py38ha925a31_0
  - python=3.8.12=h900ac77_1_cpython
  - python-dateutil=2.8.2=pyhd8ed1ab_0
  - python_abi=3.8=2_cp38
  - regex=2021.9.30=py38h294d835_0
  - setuptools=58.0.4=py38haa244fe_2
  - six=1.16.0=pyh6c4a22f_0
  - sqlite=3.36.0=h8ffe710_2
  - ucrt=10.0.20348.0=h57928b3_0
  - vc=14.2=hb210afc_5
  - vs2015_runtime=14.29.30037=h902a5da_5
  - wheel=0.37.0=pyhd8ed1ab_1
  - win32_setctime=1.0.3=py_0
  - pip:
    - pyinputplus==0.2.12
    - pysimplevalidate==0.2.12
    - stdiomask==0.0.6
